0,273
0,270
3,2
3,1
3,3
10,101
10,85
10,6
10,281
10,298
10,214
10,191
10,185
10,3
11,18
11,2
11,3
8,17
8,15
8,8
8,18
8,2
8,3
38,4
38,3
38,2
38,1
38,0
37,6
37,5
37,4
37,3
37,2
37,1
37,0
35,5
35,4
35,3
35,2
35,1
35,0
33,4
33,3
33,2
33,1
33,0
31,4
31,3
31,2
31,1
31,0
29,5
29,4
29,3
29,2
29,1
29,0
25,4
25,3
25,2
25,1
24,3
24,1
20,3
18,1
20,2
18,3
20,1
19,3
19,2
19,1
12,3
14,1
12,2
14,3
12,1
11,30
13,1
11,29
11,28
11,27
11,26
11,25
11,24
11,23
11,22
11,21
13,3
11,20
11,19
11,17
11,16
11,15
11,14
11,13
11,12
11,11
11,10
11,9
11,8
11,7
11,6
11,1
11,5
10,299
10,247
